iou: 0.2319261690403782
dice: 0.37652608552189376
precision: 0.3012142424183173
recall: 0.502053187328901
f1: 0.37652608552189376
roc_auc: 0.5007934368217533
pr_auc: 0.3006289859103981
true_negative: 35978
false_positive: 35738
false_negative: 15279
true_positive: 15405
specificity: 0.5016732667744994
